INSTRUMENT_TYPE=SEACATPLUS
SERIALNO=7974
TCALDATE=31-Jul-19
TA0= 1.274351e-003
TA1= 2.732599e-004
TA2=-1.364304e-006
TA3= 1.879740e-007
CCALDATE=31-Jul-19
CG=-1.017338e+000
CH= 1.403535e-001
CI=-1.443716e-004
CJ= 3.020581e-005
CTCOR= 3.250000e-006
CPCOR=-9.570000e-008
PCALDATE=26-Jul-19
PA0= 3.953203e-002
PA1= 1.320996e-004
PA2=-2.138625e-012
PTCA0= 5.260473e+005
PTCA1= 3.717771e+001
PTCA2=-1.050094e+000
PTCB0= 2.541175e+001
PTCB1=-2.500000e-004
PTCB2= 0.000000e+000
PTEMPA0=-6.899250e+001
PTEMPA1= 4.993878e+001
PTEMPA2=-2.828026e-001
