INSTRUMENT_TYPE=SBE43
SERIALNO=3625
OCALDATE=20-Aug-19
SOC= 4.691790e-001
VOFFSET=-4.442355e-001
A=-3.954691e-003
B= 1.781996e-004
C=-2.968684e-006
E= 3.600000e-002
Tau20= 4.190000e+000
