INSTRUMENT_TYPE=SBE43
SERIALNO=3625
o_cal_date=20-Aug-19
soc= 4.691790e-001
voffset=-4.442355e-001
a=-3.954691e-003
b= 1.781996e-004
c=-2.968684e-006
e= 3.600000e-002
tau_20= 4.190000e+000
